0 -9.58924 -4.79462 -4.79462
0.01 -5.71201 -2.75343 -2.95858
0.02 0.666817 0.582747 0.0840705
0.03 6.73728 3.64485 3.09243
0.04 9.83232 4.99272 4.8396
0.05 8.60546 3.99244 4.61302
0.06 3.61955 1.11445 2.50511
0.07 -2.91215 -2.28768 -0.624476
0.08 -8.11325 -4.61388 -3.49937
0.09 -9.71721 -4.7701 -4.94711
0.1 -7.06013 -2.68286 -4.37726
0.11 -1.35607 0.666155 -2.02222
0.12 4.85942 3.70188 1.15755
0.13 8.86178 4.99655 3.86523
0.14 8.93781 3.94126 4.99655
0.15 5.12245 1.03234 4.09011
0.16 -0.846524 -2.36211 1.51559
0.17 -6.32266 -4.64562 -1.67704
0.18 -8.92993 -4.74422 -4.18571
0.19 -7.59885 -2.61153 -4.98732
0.2 -3.00553 0.749395 -3.75493
0.21 2.76671 3.75788 -0.991163
0.22 7.17581 4.99896 2.17684
0.23 8.34601 3.88896 4.45705
0.24 5.86945 0.949918 4.91953
0.25 0.939775 -2.43589 3.37566
0.26 -4.22096 -4.67605 0.455095
0.27 -7.36808 -4.717 -2.65108
0.28 -7.21553 -2.53947 -4.67605
0.29 -3.96158 0.832406 -4.79399
0.3 0.856005 3.81279 -2.95679
0.31 5.08626 4.99997 0.0862877
0.32 6.92976 3.83558 3.09417
0.33 5.70742 0.867268 4.84015
0.34 2.10323 -2.50893 4.61217
0.35 -2.20196 -4.70515 2.50319
0.36 -5.31513 -4.68846 -0.626667
0.37 -5.96767 -2.46672 -3.50095
0.38 -4.03228 0.915152 -4.94743
0.39 -0.509575 3.86662 -4.3762
0.4 2.97935 4.99956 -2.02021
0.41 4.94081 3.78113 1.15968
0.42 4.651 0.784373 3.86662
0.43 2.41536 -2.58127 4.99663
0.44 -0.644063 -4.73292 4.08886
0.45 -3.14509 -4.6586 1.51351
0.46 -4.07235 -2.39328 -1.67908
0.47 -3.18924 0.99765 -4.18689
0.48 -1.06781 3.91935 -4.98716
0.49 1.24424 4.99774 -3.7535
0.5 2.73655 3.7256 -0.98905
0.51 2.88004 0.701275 2.17876
0.52 1.80513 -2.65289 4.45802
0.53 0.159796 -4.75935 4.91915
0.54 -1.25334 -4.62742 3.37409
0.55 -1.86617 -2.31915 0.452977
0.56 -1.57304 1.07985 -2.65289
0.57 -0.705821 3.97099 -4.67681
0.58 0.201118 4.9945 -4.79339
0.59 0.713973 3.66904 -2.95506
0.6 0.706374 0.61796 0.0884143
0.61 0.372096 -2.72375 3.09585
0.62 0.056252 -4.78444 4.84069
0.63 0.0164075 -4.59493 4.61134
0.64 0.256974 -2.24438 2.50135
0.65 0.532971 1.16176 -0.628786
0.66 0.519029 4.0215 -3.50247
0.67 0.0421214 4.98986 -4.94774
0.68 -0.763745 3.61142 -4.37517
0.69 -1.4838 0.534471 -2.01827
0.7 -1.63208 -2.79383 1.16176
0.71 -0.940205 -4.80817 3.86797
0.72 0.435552 -4.56115 4.99671
0.73 1.91867 -2.16895 4.08763
0.74 2.75483 1.24334 1.51149
0.75 2.38977 4.07086 -1.68109
0.76 0.795749 4.98381 -4.18806
0.77 -1.43422 3.55278 -4.98701
0.78 -3.30125 0.450849 -3.7521
0.79 -3.8501 -2.86314 -0.986956
0.8 -2.64986 -4.83054 2.18069
0.81 -0.0670891 -4.52608 4.45899
0.82 2.82584 -2.09292 4.91877
0.83 4.69708 1.32455 3.37252
0.839999 4.56993 4.11908 0.450849
0.849999 2.32166 4.97634 -2.65468
0.859999 -1.18442 3.49314 -4.67756
0.869999 -4.4257 0.367081 -4.79278
0.879999 -5.88496 -2.93162 -2.95334
0.889999 -4.761 -4.85155 0.0905504
0.899999 -1.39221 -4.48972 3.09751
0.909999 2.82491 -2.01631 4.84122
0.919999 6.01592 1.40539 4.61053
0.929999 6.66563 4.16614 2.49948
0.939999 4.33659 4.96748 -0.630887
0.949999 -0.0714478 3.43254 -3.50399
0.959999 -4.66484 0.28321 -4.94805
0.969999 -7.37344 -2.99929 -4.37414
0.979999 -6.88751 -4.87119 -2.01631
0.989999 -3.28826 -4.4521 1.16384
0.999999 1.93019 -1.93912 3.86931
1.01 6.48267 1.48589 4.99678
1.02 8.29842 4.21203 4.0864
1.03 6.46664 4.9572 1.50944
1.04 1.6878 3.37092 -1.68312
1.05 -3.98999 0.199258 -4.18924
1.06 -8.05297 -3.06612 -4.98685
1.07 -8.64014 -4.88947 -3.75068
1.08 -5.39806 -4.41322 -0.984843
1.09 0.321232 -1.86138 2.18261
1.1 6.02588 1.56593 4.45996
1.11 9.1751 4.25672 4.91838
1.12 8.31645 4.94553 3.37092
1.13 3.75709 3.30837 0.448721
1.14 -2.54126 0.11525 -2.65651
1.15 -7.8104 -3.13207 -4.67832
1.16 -9.69852 -4.90635 -4.79217
1.17 -7.3247 -4.37309 -2.95162
1.18 -1.6904 -1.78311 0.0927056
1.19 4.74471 1.64549 3.09922
1.2 9.14197 4.30021 4.84176
1.21 9.54215 4.93246 4.60969
1.22 5.74255 3.24491 2.49763
1.23 -0.601797 0.0312092 -0.633006
1.24 -6.70266 -3.19714 -3.50552
1.25 -9.8702 -4.92184 -4.94836
1.26 -8.70481 -4.33172 -4.37309
1.27 -3.71869 -1.70434 -2.01436
1.28 2.89053 1.72462 1.16591
1.29 8.21317 4.34249 3.87069
1.3 9.91485 4.91799 4.99686
1.31 7.26568 3.18051 4.08517
1.32 1.45456 -0.0528402 1.5074
1.33 -4.94644 -3.26131 -1.68513
1.34 -9.12634 -4.93595 -4.19039
1.35 -9.27585 -4.28915 -4.9867
1.36 -5.37434 -1.62508 -3.74926
1.37 0.820517 1.80327 -0.982748
1.38 6.56805 4.38352 2.18453
1.39 9.36306 4.90214 4.46092
1.4 8.03321 3.11521 4.91799
1.41 3.23253 -0.136836 3.36937
1.42 -2.87796 -3.32456 0.446593
1.43 -7.60698 -4.94866 -2.65832
1.44 -8.92443 -4.24535 -4.67908
1.45 -6.33693 -1.54537 -4.79156
1.46 -1.06849 1.8814 -2.94989
1.47 4.51817 4.42333 0.0948417
1.48 7.98577 4.8849 3.10087
1.49 7.89132 3.04903 4.84229
1.5 4.38803 -0.220832 4.60886
1.51 -0.891055 -3.38684 2.49578
1.52 -5.5951 -4.95998 -0.635125
1.53 -7.70739 -4.20035 -3.50704
1.54 -6.41392 -1.46526 -4.94866
1.55 -2.41306 1.959 -4.37207
1.56 2.44948 4.46188 -2.0124
1.57 6.03428 4.86629 1.16799
1.58 6.85403 2.98199 3.87204
1.59 4.69217 -0.304766 4.99693
1.6 0.635747 -3.44819 4.08393
1.61 -3.46452 -4.96989 1.50536
1.62 -5.84127 -4.15417 -1.68711
1.63 -5.57625 -1.38469 -4.19156
1.64 -2.95049 2.03605 -4.98654
1.65 0.751335 4.49918 -3.74785
1.66 3.8656 4.84629 -0.98069
1.67 5.10059 2.91414 2.18645
1.68 4.07327 -0.388613 4.46188
1.69 1.40905 -3.50856 4.91761
1.7 -1.6106 -4.97839 3.36779
1.71 -3.66234 -4.10681 0.444465
1.72 -3.96386 -1.30374 -2.66013
1.73 -2.56732 2.1125 -4.67982
1.74 -0.255736 4.53521 -4.79095
1.75 1.87676 4.82493 -2.94817
1.76 2.94241 2.84543 0.0969778
1.77 2.63023 -0.472313 3.10254
1.78 1.27485 -3.56797 4.84282
1.79 -0.37746 -4.98549 4.60803
1.8 -1.56432 -4.05828 2.49396
1.81 -1.85966 -1.22241 -0.637245
1.82 -1.32019 2.18837 -3.50856
1.83 -0.379025 4.56994 -4.94897
1.84 0.431181 4.80221 -4.37103
1.85 0.765438 2.77588 -2.01045
1.86 0.614113 -0.555954 1.17007
1.87 0.247043 -3.62632 3.87336
1.88 0.00582075 -4.99119 4.99701
1.89 0.0740604 -4.00864 4.0827
1.9 0.362546 -1.14078 1.50333
1.91 0.574481 2.2636 -1.68912
1.92 0.410714 4.60341 -4.1927
1.93 -0.208267 4.77812 -4.98639
1.94 -1.04084 2.70562 -3.74646
1.95 -1.61792 -0.639364 -0.978558
1.96 -1.49527 -3.68365 2.18837
1.97 -0.532637 -4.99547 4.46283
1.98 0.959406 -3.95782 4.91722
1.99 2.30746 -1.05875 3.36621
2 2.78063 2.33825 0.442375
2.01 1.97364 4.63558 -2.66194
2.02 0.0720782 4.75267 -4.68059
2.03 -2.1558 2.63453 -4.79032
2.04 -3.66911 -0.722668 -2.94644
2.05 -3.64083 -3.73998 0.0991519
2.06 -1.89409 -4.99834 3.10425
2.07 0.937478 -3.90587 4.84335
2.08 3.63076 -0.976425 4.60719
2.09 4.90432 2.41225 2.49208
2.1 4.02697 4.66641 -0.639439
2.11 1.2158 4.72591 -3.51011
2.12 -2.38652 2.56275 -4.94927
2.13 -5.17565 -0.805692 -4.36996
2.14 -5.80372 -3.79526 -2.00846
2.15 -3.82766 -4.9998 1.17214
2.16 0.0218894 -3.85287 3.87476
2.17 4.10319 -0.893896 4.99708
2.18 6.56696 2.48549 4.08147
2.19 6.19718 4.69592 1.50125
2.2 3.00662 4.69778 -1.69116
2.21 -1.70369 2.49019 -4.19388
2.22 -5.87479 -0.888564 -4.98623
2.23 -7.59444 -3.84942 -3.74502
2.24 -5.97627 -4.99985 -0.976425
2.25 -1.60846 -3.79879 2.19033
2.26 3.65277 -0.81104 4.46381
2.27 7.47493 2.5581 4.91683
2.28 8.08874 4.72413 3.3646
2.29 5.10856 4.66835 0.440209
2.3 -0.246785 2.41699 -2.66378
2.31 -5.65244 -0.97111 -4.68133
2.32 -8.69221 -3.90249 -4.78972
2.33 -7.94316 -4.99848 -2.94468
2.34 -3.64233 -3.74358 0.10125
2.35 2.37786 -0.728029 3.10589
2.36 7.47381 2.62992 4.84389
2.37 9.35736 4.75099 4.60637
2.38 7.1278 4.63761 2.49019
2.39 1.70152 2.34304 -0.64152
2.4 -4.56506 -1.05346 -3.5116
2.41 -8.90408 -3.9545 -4.94958
2.42 -9.36464 -4.9957 -4.36894
2.43 -5.69389 -3.68736 -2.00653
2.44 0.529445 -0.644814 1.17426
2.45 6.57709 2.701 3.87609
2.46 9.77367 4.77652 4.99715
2.47 8.68574 4.60553 4.08021
2.48 3.76775 2.2685 1.49925
2.49 -2.82864 -1.13543 -1.69321
2.5 -8.20042 -4.00535 -4.19507
2.51 -9.97758 -4.99151 -4.98607
2.52 -7.37363 -3.63005 -3.74358
2.53 -1.53571 -0.56134 -0.974367
2.54 4.96359 2.77138 2.19221
2.55 9.26547 4.80068 4.46479
2.56 9.48862 4.57217 4.91645
2.57 5.55636 2.19331 3.36305
2.58 -0.77904 -1.21708 0.438043
2.59 -6.72067 -4.05512 -2.66555
2.6 -9.66798 -4.98591 -4.68207
2.61 -8.36087 -3.57177 -4.7891
2.62 -3.42077 -0.477783 -2.94299
2.63 2.94433 2.84091 0.103424
2.64 7.93108 4.82349 3.10759
2.65 9.3819 4.53749 4.84441
2.66 6.72297 2.11744 4.60553
2.67 1.18991 -1.29847 2.48837
2.68 -4.74729 -4.10369 -0.643601
2.69 -8.49205 -4.9789 -3.51315
2.7 -8.46235 -3.51247 -4.94988
2.71 -4.76193 -0.394016 -4.36792
2.72 0.905158 2.9097 -2.00454
2.73 6.02125 4.84495 1.1763
2.74 8.37898 4.50156 3.87741
2.75 7.03826 2.04104 4.99723
2.76 2.69959 -1.37941 4.079
2.77 -2.65393 -4.15111 1.49718
2.78 -6.66566 -4.97048 -1.69518
2.79 -7.64834 -3.45214 -4.19621
2.8 -5.29612 -0.310213 -4.98591
2.81 -0.76458 2.97761 -3.74219
2.82 3.89271 4.86502 -0.972309
2.83 6.65853 4.46436 2.19417
2.84 6.42972 1.96399 4.46573
2.85 3.45603 -1.46004 4.91606
2.86 -0.835949 -4.19739 3.36144
2.87 -4.52471 -4.96066 0.435953
2.88 -6.05827 -3.39088 -2.66739
2.89 -4.90915 -0.226322 -4.68283
2.9 -1.74376 3.04473 -4.7885
2.91 1.94251 4.88374 -2.94123
2.92 4.53139 4.42587 0.105522
2.93 4.99569 1.88646 3.10924
2.94 3.30477 -1.54018 4.84495
2.95 0.36226 -4.24245 4.60471
2.96 -2.46289 -4.94944 2.48655
2.97 -3.97436 -3.3286 -0.645758
2.98 -3.65694 -0.142292 -3.51464
2.99 -1.83923 3.11094 -4.95017
3 0.534204 4.90106 -4.36686
3.01 2.38354 4.38616 -2.00262
3.02 2.9868 1.80839 1.17841
3.03 2.25883 -1.61996 3.87879
3.04 0.71095 -4.28635 4.9973
3.05 -0.859079 -4.93682 4.07774
3.06 -1.77027 -3.26545 1.49517
3.07 -1.75546 -0.0582972 -1.69716
3.08 -1.02112 3.17627 -4.19739
3.09 -0.068749 4.917 -4.98575
3.1 0.604375 4.34517 -3.74079
3.11 0.759566 1.72974 -0.970176
3.12 0.49685 -1.6992 2.19605
3.13 0.137719 -4.32899 4.46671
3.14 -0.00714207 -4.92281 4.91567
3.15 0.15852 -3.20137 3.35989
3.16 0.459576 0.0257901 0.433786
3.17 0.571593 3.24076 -2.66917
3.18 0.247995 4.93156 -4.68357
3.19 -0.484876 4.30299 -4.78787
3.2 -1.28886 1.65068 -2.93953
3.21 -1.67035 -1.77797 0.10762
3.22 -1.25948 -4.37042 3.11094
3.23 -0.0619268 -4.90739 4.84547
3.24 1.46756 -3.13632 4.60389
3.25 2.59446 0.109794 2.48467
3.26 2.65644 3.30428 -0.647838
3.27 1.42853 4.94472 -3.51619
3.28 -0.690876 4.2596 -4.95048
3.29 -2.79476 1.57107 -4.36584
3.3 -3.85694 -1.85631 -2.00063
3.31 -3.2302 -4.41065 1.18045
3.32 -1.0105 -4.89061 3.88011
3.33 1.92691 -3.07046 4.99737
3.34 4.27029 0.193767 4.07652
3.35 4.86009 3.36691 1.49317
3.36 3.25728 4.95649 -1.6992
3.37 0.0164361 4.21497 -4.19853
3.38 -3.49449 1.4911 -4.98558
3.39 -5.6734 -1.93405 -3.73935
3.4 -5.41771 -4.44959 -0.968117
3.41 -2.67443 -4.87244 2.19801
3.42 1.464 -3.00366 4.46766
3.43 5.19304 0.277761 4.91528
3.44 6.78682 3.42855 3.35828
3.45 5.39854 4.96685 0.431696
3.46 1.49824 4.16918 -2.67094
3.47 -3.27363 1.4107 -4.68433
3.48 -6.79858 -2.01132 -4.78726
3.49 -7.42515 -4.48732 -2.93783
3.5 -4.74309 -4.85288 0.109794
3.51 0.176509 -2.93607 3.11258
3.52 5.2076 0.3616 4.846
3.53 8.09225 3.48921 4.60304
3.54 7.45865 4.97581 2.48284
3.55 3.47218 4.12218 -0.649995
3.56 -2.18785 1.32983 -3.51768
3.57 -7.03872 -2.08795 -4.95077
3.58 -8.88852 -4.52374 -4.36478
3.59 -6.83065 -4.83195 -1.9987
3.6 -1.68517 -2.86766 1.18249
3.61 4.3269 0.445414 3.88148
3.62 8.54632 3.54889 4.99744
3.63 9.05867 4.98336 4.07531
3.64 5.5651 4.074 1.4911
3.65 -0.452515 1.24866 -1.70118
3.66 -6.36376 -2.16405 -4.19971
3.67 -9.54431 -4.55888 -4.98542
3.68 -8.54762 -4.80967 -3.73796
3.69 -3.76442 -2.79844 -0.965984
3.7 2.72892 0.529025 2.19989
3.71 8.07627 3.60767 4.4686
3.72 9.90439 4.98951 4.91488
3.73 7.38145 4.02473 3.35672
3.74 1.59674 1.16714 0.429605
3.75 -4.91226 -2.23948 -2.67278
3.76 -9.2778 -4.59274 -4.68506
3.77 -9.57267 -4.78603 -4.78664
3.78 -5.66437 -2.7283 -2.93607
3.79 0.724379 0.612488 0.111892
3.8 6.77961 3.66533 3.11429
3.81 9.84076 4.99424 4.84652
3.82 8.57653 3.97431 4.60222
3.83 3.56609 1.08514 2.48096
3.84 -2.96635 -2.31428 -0.652075
3.85 -8.14453 -4.62536 -3.51917
3.86 -9.71212 -4.76104 -4.95108
3.87 -7.02123 -2.65751 -4.36371
3.88 -1.30107 0.695777 -1.99685
3.89 4.90655 3.72195 1.1846
3.9 8.88038 4.99757 3.8828
3.91 8.92028 3.92277 4.9975
3.92 5.07698 1.00298 4.074
3.93 -0.89925 -2.38842 1.48917
3.94 -6.35984 -4.65661 -1.70322
3.95 -8.93556 -4.73471 -4.20085
3.96 -7.57124 -2.58598 -4.98526
3.97 -2.95754 0.779021 -3.73656
3.98 2.81367 3.77752 -0.96385
3.99 7.20133 4.99948 2.20184
4 8.3397 3.87013 4.46957
4.01 5.835 0.920536 4.91447
4.02 0.892904 -2.46215 3.35505
4.03 -4.25945 -4.68666 0.427211
4.04 -7.38176 -4.70688 -2.67487
4.05 -7.19924 -2.51332 -4.68593
4.06 -3.92355 0.862344 -4.7859
4.07 0.898535 3.83242 -2.93388
4.08 5.11458 4.99998 0.1146
4.09 6.93236 3.8159 3.11646
4.1 5.68417 0.836931 4.84724
4.11 2.0655 -2.53558 4.60107
4.12 -2.23718 -4.71552 2.47834
4.13 -5.33282 -4.67761 -0.655214
4.14 -5.9612 -2.43967 -3.52153
4.15 -4.00581 0.945721 -4.95153
4.16 -0.475782 3.88631 -4.36209
4.17 3.00552 4.99905 -1.99353
4.18 4.94845 3.76047 1.18798
4.19 4.63832 0.753235 3.88509
4.2 2.38935 -2.60827 4.99762
4.21 -0.671128 -4.74303 4.0719
4.22 -3.16158 -4.64699 1.48542
4.23 -4.07224 -2.36533 -1.70692
4.24 -3.17415 1.02883 -4.20298
4.25 -1.04586 3.93909 -4.98495
4.26 1.26292 4.99667 -3.73375
4.27 2.74422 3.70407 -0.959844
4.28 2.87497 0.669323 2.20565
4.29 1.79131 -2.68022 4.47154
4.3 0.144483 -4.76918 4.91366
4.31 -1.26324 -4.61504 3.3518
4.32 -1.86746 -2.2903 0.422839
4.33 -1.56694 1.11164 -2.67858
4.34 -0.696629 3.99083 -4.68746
4.35 0.208232 4.99286 -4.78462
4.36 0.716263 3.64659 -2.93033
4.37001 0.704204 0.585219 0.118986
4.38001 0.368493 -2.7514 3.11989
4.39001 0.0543652 -4.79395 4.84831
4.40001 0.0175996 -4.58175 4.59935
4.41001 0.259912 -2.21462 2.47453
4.42001 0.53471 1.19427 -0.659563
4.43001 0.516786 4.04132 -3.52454
4.44001 0.0354748 4.98761 -4.95214
4.45001 -0.771879 3.58807 -4.35995
4.46001 -1.48856 0.500946 -1.9895
4.47001 -1.62955 -2.82179 1.19224
4.48001 -0.929498 -4.81735 3.88785
4.49001 0.450599 -4.54715 4.99775
4.50001 1.9312 -2.13816 4.06935
4.51001 2.75765 1.27642 1.48123
4.52001 2.37962 4.09066 -1.71104
4.53001 0.775575 4.98093 -4.20535
4.54001 -1.45609 3.52851 -4.98461
4.55001 -3.3143 0.416529 -3.73083
4.56001 -3.8469 -2.89136 -0.955538
4.57001 -2.62977 -4.83936 2.20958
4.58001 -0.0376844 -4.51118 4.4735
4.59001 2.85165 -2.06122 4.91287
4.60001 4.70674 1.3582 3.34854
4.61001 4.55728 4.13881 0.418468
4.62001 2.29053 4.97282 -2.68228
4.63001 -1.22103 3.46795 -4.68898
4.64001 -4.45136 0.331992 -4.78335
4.65001 -5.88688 -2.96011 -2.92677
4.66001 -4.73664 -4.86001 0.123371
4.67001 -1.35066 -4.47398 3.12332
4.68001 2.86569 -1.98369 4.84939
4.69001 6.03722 1.43959 4.59763
4.70001 6.6565 4.18578 2.47071
4.71001 4.29936 4.96327 -0.663912
4.72001 -0.121265 3.40638 -3.52765
4.73001 -4.70538 0.24736 -4.95274
4.74001 -7.38592 -3.02812 -4.3578
4.75001 -6.86485 -4.87923 -1.98562
4.76001 -3.23899 -4.43549 1.1965
4.77001 1.98501 -1.90559 3.8906
4.78001 6.51844 1.52056 4.99788
4.79001 8.29835 4.23155 4.0668
4.80001 6.42934 4.9523 1.47703
4.81002 1.62868 3.34384 -1.71516
4.82002 -4.04522 0.162505 -4.20772
4.83002 -8.07941 -3.09514 -4.98426
4.84002 -8.62496 -4.89705 -3.72791
4.85002 -5.34695 -4.39572 -0.951232
4.86002 0.386572 -1.82694 2.21352
4.87002 6.07656 1.6011 4.47546
4.88002 9.18815 4.2761 4.91206
4.89002 8.28519 4.93991 3.34528
4.90002 3.69431 3.28022 0.414096
4.91002 -2.6081 0.0777551 -2.68586
4.92002 -7.85178 -3.16128 -4.6905
4.93002 -9.69553 -4.91346 -4.78207
4.94002 -7.2779 -4.35469 -2.92321
4.95002 -1.62001 -1.74777 0.127757
4.96002 4.80792 1.68118 3.12674
4.97002 9.16987 4.31942 4.85045
4.98002 9.52198 4.92607 4.5959
4.99002 5.68266 3.21576 2.4669
